nv 0 0 0 0
0 0 0 0 0
100 0 75 25 0
105 40 145 55 150
120 45 185 70 190
140 225 210 45 225
160 235 85 45 242
175 160 30 45 250
200 70 25 95 0
205 105 55 155 165
220 145 65 195 200
240 185 85 220 225
260 225 145 240 242
275 250 220 255 250
300 105 15 30 0
305 175 35 45 170
320 220 55 65 205
340 240 100 115 228
360 245 165 185 244
375 255 225 235 252
400 20 65 125 0
405 45 105 185 165
420 55 145 225 200
440 95 185 245 228
460 165 220 250 244
475 235 250 255 252
500 125 60 5 0
505 190 95 20 170
520 230 135 30 205
540 245 175 55 228
560 250 215 120 244
575 255 245 220 252
